batch_size: 32
learning_rate: 0.0005093757329281785
patch_size: 32
pretrained_weights: IMAGENET1K_V1
weight_decay: 2.4203560941859357e-05
