batch_size: 128
learning_rate: 0.0009214223368732778
patch_size: 16
pretrained_weights: IMAGENET1K_V1
weight_decay: 1.3516633686031635e-06
