batch_size: 128
learning_rate: 0.0003235644973224711
patch_size: 32
pretrained_weights: IMAGENET1K_V1
weight_decay: 0.0011738446606829383
