batch_size: 32
learning_rate: 0.000290423319509682
patch_size: 16
pretrained_weights: IMAGENET1K_V1
weight_decay: 1.198845865617467e-06
