batch_size: 64
learning_rate: 0.00016891167084601494
patch_size: 32
pretrained_weights: IMAGENET1K_V1
weight_decay: 0.000368602989824076
