# {'learning_rate': 0.00016501192788890502, 'patch_size': 16, 'batch_size': 128}
learning_rate : 0.00016501192788890502
patch_size : 16
batch_size : 128
