batch_size: 128
learning_rate: 0.0007691272292992083
patch_size: 16
pretrained_weights: IMAGENET1K_V1
weight_decay: 0.0001515701701690916
