batch_size: 32
learning_rate: 0.00013740863973511956
patch_size: 16
pretrained_weights: IMAGENET1K_V1
weight_decay: 0.006504561649198227
