batch_size: 32
learning_rate: 0.007488278165798194
patch_size: 32
pretrained_weights: IMAGENET1K_V1
weight_decay: 2.635790963822663e-05
73
